{
  "ShotData": {
      "001324": {
          "connectedShotIds": [
              "001325"
          ],
          "elevation": -8.570291473187538,
          "enabled": true,
          "heading": 162.89017750733765,
          "latitude": 33.89214328186723,
          "longitude": -118.4137798586826,
          "rigIndex": 0,
          "rigPose": [
              0.4666572872313388,
              0.8833164317192201,
              0.04453153633900675,
              0.08920945183793877,
              0.0030833014304114115,
              -0.996008115908231,
              -0.8799276390571343,
              0.46876707937643586,
              -0.07736132959188335,
              -3485727.7660646797,
              -44516.73070968576,
              -1433459.8238982954
          ],
          "shotIndex": 0,
          "utcTime": "not-a-date-time"
      },
      "001325": {
          "connectedShotIds": [
              "001324",
              "001326"
          ],
          "elevation": -8.520690989972614,
          "enabled": true,
          "heading": 162.88636519364954,
          "latitude": 33.89213505904725,
          "longitude": -118.41377608757227,
          "rigIndex": 0,
          "rigPose": [
              0.46659599467482116,
              0.8833698265478154,
              0.044112665962246334,
              0.08929318337966735,
              0.0025724951448299893,
              -0.9960020630855413,
              -0.8799516493281543,
              0.4686695336947051,
              -0.07767858798310096,
              -3485904.7746111522,
              -42631.54477366092,
              -1433084.327778192
          ],
          "shotIndex": 1,
          "utcTime": "not-a-date-time"
      },
      "001326": {
          "connectedShotIds": [
              "001325",
              "001327"
          ],
          "elevation": -8.47158392500818,
          "enabled": true,
          "heading": 162.88263982770985,
          "latitude": 33.89212701274926,
          "longitude": -118.41377244845873,
          "rigIndex": 0,
          "rigPose": [
              0.4665230794802726,
              0.8833196252019768,
              0.04585472762193643,
              0.08974902738797624,
              0.004301113967132175,
              -0.9959551257469152,
              -0.8799439348021868,
              0.46875146949282254,
              -0.07727050830144708,
              -3485688.8855392965,
              -49284.06536053888,
              -1433393.8125471289
          ],
          "shotIndex": 2,
          "utcTime": "not-a-date-time"
      },
      "001327": {
          "connectedShotIds": [
              "001326",
              "001328"
          ],
          "elevation": -8.420576093454411,
          "enabled": true,
          "heading": 162.92076739654658,
          "latitude": 33.89211922583766,
          "longitude": -118.41376885417397,
          "rigIndex": 0,
          "rigPose": [
              0.4671326797270773,
              0.8830246657217128,
              0.045326584451702234,
              0.08900906643348694,
              0.004039819002045364,
              -0.996022623214488,
              -0.8796956551124026,
              0.4693091940176413,
              -0.07671006965759372,
              -3484806.9624299873,
              -48030.65159740035,
              -1435576.87470971
          ],
          "shotIndex": 3,
          "utcTime": "not-a-date-time"
      },
      "001328": {
          "connectedShotIds": [
              "001327",
              "001329"
          ],
          "elevation": -8.366307193563054,
          "enabled": true,
          "heading": 162.92187271218938,
          "latitude": 33.89211071786095,
          "longitude": -118.41376489230831,
          "rigIndex": 0,
          "rigPose": [
              0.46721577242847767,
              0.883099299136959,
              0.042954043556721166,
              0.08707168091998141,
              0.0023887693347287575,
              -0.9961991849840243,
              -0.8798454093622525,
              0.4691800524797246,
              -0.07577686968523376,
              -3485116.95297581,
              -41121.96356058818,
              -1435036.384760734
          ],
          "shotIndex": 4,
          "utcTime": "not-a-date-time"
      },
      "001329": {
          "connectedShotIds": [
              "001328",
              "001330"
          ],
          "elevation": -8.316661735241105,
          "enabled": true,
          "heading": 162.9137336420952,
          "latitude": 33.89210245396879,
          "longitude": -118.41376112988827,
          "rigIndex": 0,
          "rigPose": [
              0.46704519228775004,
              0.8832194430538726,
              0.04233442774511065,
              0.08842235853721736,
              0.0009865597070937149,
              -0.9960825835294282,
              -0.8798012701011602,
              0.4689588917075267,
              -0.07763557829264803,
              -3485503.9838210973,
              -36360.89054876289,
              -1434222.374220491
          ],
          "shotIndex": 5,
          "utcTime": "not-a-date-time"
      },
      "001330": {
          "connectedShotIds": [
              "001329",
              "001331"
          ],
          "elevation": -8.265481442684289,
          "enabled": true,
          "heading": 162.88675763150832,
          "latitude": 33.89209447019051,
          "longitude": -118.41375746084823,
          "rigIndex": 0,
          "rigPose": [
              0.4666657019918019,
              0.8834130976085213,
              0.04247848347358657,
              0.0874329635027587,
              0.0017135587174905709,
              -0.9961689317629048,
              -0.8801014711257014,
              0.4685918935387581,
              -0.07643976603926295,
              -3486089.6320309383,
              -38722.55139134781,
              -1432734.155572949
          ],
          "shotIndex": 6,
          "utcTime": "not-a-date-time"
      },
      "001331": {
          "connectedShotIds": [
              "001330",
              "001332"
          ],
          "elevation": -8.211589400929455,
          "enabled": true,
          "heading": 162.80708545445668,
          "latitude": 33.89208601505474,
          "longitude": -118.41375358254392,
          "rigIndex": 0,
          "rigPose": [
              0.4654573222895278,
              0.884043337429745,
              0.04262462519648508,
              0.08705680328292764,
              0.0021961193245458865,
              -0.9962009285591287,
              -0.8807784023971184,
              0.4673997802802122,
              -0.0759397870999727,
              -3488006.826293037,
              -40393.74916383317,
              -1428011.7045253953
          ],
          "shotIndex": 7,
          "utcTime": "not-a-date-time"
      },
      "001332": {
          "connectedShotIds": [
              "001331",
              "001333"
          ],
          "elevation": -8.159002072903828,
          "enabled": true,
          "heading": 162.71616132495743,
          "latitude": 33.89207793678467,
          "longitude": -118.41374986248508,
          "rigIndex": 0,
          "rigPose": [
              0.4640661831667632,
              0.8847121840565542,
              0.043896799688741994,
              0.08695267835528098,
              0.0038186647446443733,
              -0.9962051242221206,
              -0.8815224383802573,
              0.4661220539530923,
              -0.0751559808044272,
              -3490001.369323926,
              -46441.586013350665,
              -1422943.3628110948
          ],
          "shotIndex": 8,
          "utcTime": "not-a-date-time"
      },
      "001333": {
          "connectedShotIds": [
              "001332",
              "001334"
          ],
          "elevation": -8.111543740309099,
          "enabled": true,
          "heading": 162.6126678772845,
          "latitude": 33.89207039518314,
          "longitude": -118.413746338219,
          "rigIndex": 0,
          "rigPose": [
              0.4624801986079905,
              0.8856115416871124,
              0.04247661858116031,
              0.08686652730308858,
              0.0024185341023817974,
              -0.9962170231064602,
              -0.8823640248388505,
              0.46442044305066005,
              -0.07581147503388425,
              -3492788.692776023,
              -41157.73566575128,
              -1416249.0266895753
          ],
          "shotIndex": 9,
          "utcTime": "not-a-date-time"
      },
      "001334": {
          "connectedShotIds": [
              "001333",
              "001335"
          ],
          "elevation": -8.05749585920763,
          "enabled": true,
          "heading": 162.58658262754395,
          "latitude": 33.89206217096963,
          "longitude": -118.41374246619586,
          "rigIndex": 0,
          "rigPose": [
              0.4621127890457992,
              0.8858810897356548,
              0.040822359670669994,
              0.08584985309334364,
              0.0011280361780965364,
              -0.9963074476577158,
              -0.88265597654135,
              0.4639110069648593,
              -0.07553148146757241,
              -3493663.4797238256,
              -35941.508236368696,
              -1414229.5400805129
          ],
          "shotIndex": 10,
          "utcTime": "not-a-date-time"
      },
      "001335": {
          "connectedShotIds": [
              "001334",
              "001336"
          ],
          "elevation": -8.00918650689686,
          "enabled": true,
          "heading": 162.52893653091863,
          "latitude": 33.892054638822735,
          "longitude": -118.41373897868404,
          "rigIndex": 0,
          "rigPose": [
              0.4612032983012933,
              0.8863793816553811,
              0.040287832061708495,
              0.08657216816733732,
              0.00023602091703256445,
              -0.9962455540643246,
              -0.883061026959527,
              0.4629595404248096,
              -0.07662693126332659,
              -3495196.1705166693,
              -32862.19111925297,
              -1410510.2728989162
          ],
          "shotIndex": 11,
          "utcTime": "not-a-date-time"
      },
      "001336": {
          "connectedShotIds": [
              "001335",
              "001337"
          ],
          "elevation": -7.956279958708526,
          "enabled": true,
          "heading": 162.59465005557163,
          "latitude": 33.892046710083356,
          "longitude": -118.4137352167654,
          "rigIndex": 0,
          "rigPose": [
              0.4622906969414415,
              0.8858926300826153,
              0.03849103125018477,
              0.08417053405997821,
              -0.0006285433083280112,
              -0.9964511659531377,
              -0.8827245508749908,
              0.4638899146334354,
              -0.07485662551791736,
              -3493771.260040524,
              -28732.251682229173,
              -1414123.7146285996
          ],
          "shotIndex": 12,
          "utcTime": "not-a-date-time"
      },
      "001337": {
          "connectedShotIds": [
              "001336",
              "001338"
          ],
          "elevation": -7.912104260138093,
          "enabled": true,
          "heading": 162.65871885047818,
          "latitude": 33.89203948332934,
          "longitude": -118.4137319596922,
          "rigIndex": 0,
          "rigPose": [
              0.46320077884515515,
              0.8852121715199472,
              0.04294705892353051,
              0.08646036689181752,
              0.0030925007095365387,
              -0.9962504912903651,
              -0.882025874583152,
              0.46517722196201855,
              -0.07510332038948056,
              -3491554.259502034,
              -43535.761539960295,
              -1419209.8864092515
          ],
          "shotIndex": 13,
          "utcTime": "not-a-date-time"
      },
      "001338": {
          "connectedShotIds": [
              "001337",
              "001339"
          ],
          "elevation": -7.858049913442716,
          "enabled": true,
          "heading": 162.73553457059452,
          "latitude": 33.89203183000227,
          "longitude": -118.41372828831241,
          "rigIndex": 0,
          "rigPose": [
              0.4645093902624771,
              0.8847473922182725,
              0.03811926443346547,
              0.0824243891061247,
              -0.0003360824559540676,
              -0.996597264259272,
              -0.8817240194292454,
              0.4660707446424303,
              -0.07308087677352115,
              -3490293.507736681,
              -29184.44517148578,
              -1422672.326812848
          ],
          "shotIndex": 14,
          "utcTime": "not-a-date-time"
      },
      "001339": {
          "connectedShotIds": [
              "001338",
              "001340"
          ],
          "elevation": -7.807102256786983,
          "enabled": true,
          "heading": 162.84343680921887,
          "latitude": 33.89202405001679,
          "longitude": -118.41372473712039,
          "rigIndex": 0,
          "rigPose": [
              0.46617054826972226,
              0.8837680197328592,
              0.040485889188301705,
              0.08224332599785428,
              0.0022734619313401483,
              -0.99660968623612,
              -0.880863811979308,
              0.46791977802643436,
              -0.07162420035836445,
              -3487232.5881963084,
              -38906.17720502245,
              -1429925.1603847388
          ],
          "shotIndex": 15,
          "utcTime": "not-a-date-time"
      },
      "001340": {
          "connectedShotIds": [
              "001339",
              "001341"
          ],
          "elevation": -7.760064184990519,
          "enabled": true,
          "heading": 162.93938099654582,
          "latitude": 33.892015598097224,
          "longitude": -118.413721028106,
          "rigIndex": 0,
          "rigPose": [
              0.4674846732574237,
              0.8828857964495778,
              0.04439313794939925,
              0.08704867140237749,
              0.003998646598504574,
              -0.9961960347403823,
              -0.8797048420217322,
              0.4695707414788265,
              -0.07498472958239183,
              -3484407.8636503783,
              -47151.960251615965,
              -1436545.3312188382
          ],
          "shotIndex": 16,
          "utcTime": "not-a-date-time"
      },
      "001341": {
          "connectedShotIds": [
              "001340",
              "001342"
          ],
          "elevation": -7.712541721867931,
          "enabled": true,
          "heading": 163.0440511208354,
          "latitude": 33.89200829666885,
          "longitude": -118.41371766907362,
          "rigIndex": 0,
          "rigPose": [
              0.469162972080178,
              0.8819975003596582,
              0.04434540549153937,
              0.08476269683319104,
              0.005008785994192633,
              -0.9963885774578254,
              -0.8790343513506504,
              0.4712274625084782,
              -0.07241054980706904,
              -3481694.972232327,
              -50096.89650004363,
              -1443006.7541661905
          ],
          "shotIndex": 17,
          "utcTime": "not-a-date-time"
      },
      "001342": {
          "connectedShotIds": [
              "001341",
              "001343"
          ],
          "elevation": -7.646663477635709,
          "enabled": true,
          "heading": 163.1666692244606,
          "latitude": 33.89199678880835,
          "longitude": -118.41371255064792,
          "rigIndex": 0,
          "rigPose": [
              0.47087979234562233,
              0.8811947337045273,
              0.042048334710790114,
              0.08940264009704701,
              -0.0002473266665911078,
              -0.9959955355187079,
              -0.8776556210178461,
              0.47275340307704516,
              -0.07889759676220504,
              -3479316.814743256,
              -32094.182068127142,
              -1449238.8525258163
          ],
          "shotIndex": 18,
          "utcTime": "not-a-date-time"
      },
      "001343": {
          "connectedShotIds": [
              "001342",
              "001344"
          ],
          "elevation": -7.605484847563716,
          "enabled": true,
          "heading": 162.9122355347131,
          "latitude": 33.89198933052876,
          "longitude": -118.41370925704685,
          "rigIndex": 0,
          "rigPose": [
              0.4668229971784486,
              0.8832724449232646,
              0.04365864570287076,
              0.09401281742066747,
              -0.00047784714329079936,
              -0.9955708723253891,
              -0.8793394563341046,
              0.46885985080979814,
              -0.08326200113290158,
              -3485611.788783178,
              -32931.895841605496,
              -1434011.4065736134
          ],
          "shotIndex": 19,
          "utcTime": "not-a-date-time"
      },
      "001344": {
          "connectedShotIds": [
              "001343",
              "001345"
          ],
          "elevation": -7.553842303691165,
          "enabled": true,
          "heading": 162.47817841484445,
          "latitude": 33.8919804304178,
          "longitude": -118.41370510730347,
          "rigIndex": 0,
          "rigPose": [
              0.46014824463176707,
              0.8866499096690705,
              0.04599489804459461,
              0.09453065656901943,
              0.002583500818879425,
              -0.9955185987675714,
              -0.8827953035279095,
              0.46243406363215506,
              -0.08262680474106693,
              -3495815.37042574,
              -44606.462059685975,
              -1408630.8086929654
          ],
          "shotIndex": 20,
          "utcTime": "not-a-date-time"
      },
      "001345": {
          "connectedShotIds": [
              "001344",
              "001346"
          ],
          "elevation": -7.498526197055893,
          "enabled": true,
          "heading": 162.01401627447677,
          "latitude": 33.89197137259719,
          "longitude": -118.41370080850587,
          "rigIndex": 0,
          "rigPose": [
              0.45297007449111626,
              0.8902631206486047,
              0.04743087210373037,
              0.09542503565996052,
              0.004480993301373248,
              -0.9954265333354985,
              -0.8864040693638584,
              0.4554245236172959,
              -0.08292363416512355,
              -3506717.339496493,
              -52054.35554734245,
              -1381004.0361261559
          ],
          "shotIndex": 21,
          "utcTime": "not-a-date-time"
      },
      "001346": {
          "connectedShotIds": [
              "001345",
              "001347"
          ],
          "elevation": -7.446771485942051,
          "enabled": true,
          "heading": 161.59792188991707,
          "latitude": 33.891962646373834,
          "longitude": -118.41369659540909,
          "rigIndex": 0,
          "rigPose": [
              0.4464718838560574,
              0.8935380852860098,
              0.04746100577773915,
              0.09732737321936252,
              0.004231848991676501,
              -0.9952434244326012,
              -0.8894887516704424,
              0.4489674616244735,
              -0.08507631312083791,
              -3516601.649492253,
              -51822.26641120219,
              -1355643.2320625854
          ],
          "shotIndex": 22,
          "utcTime": "not-a-date-time"
      },
      "001347": {
          "connectedShotIds": [
              "001346",
              "001348"
          ],
          "elevation": -7.396742036077457,
          "enabled": true,
          "heading": 161.2611059061001,
          "latitude": 33.89195400998555,
          "longitude": -118.4136923870195,
          "rigIndex": 0,
          "rigPose": [
              0.44115751121292673,
              0.8960634391640302,
              0.04950114437006803,
              0.09992331455396553,
              0.005770405156324487,
              -0.9949784086264791,
              -0.8918494163865138,
              0.4438885168799277,
              -0.08699197131444125,
              -3524111.2539801085,
              -58552.11279764472,
              -1335719.2271038778
          ],
          "shotIndex": 23,
          "utcTime": "not-a-date-time"
      },
      "001348": {
          "connectedShotIds": [
              "001347",
              "001349"
          ],
          "elevation": -7.3439266487803625,
          "enabled": true,
          "heading": 161.06670091189272,
          "latitude": 33.89194542810486,
          "longitude": -118.41368811527074,
          "rigIndex": 0,
          "rigPose": [
              0.4381332670770025,
              0.8974363770837434,
              0.051450844183912825,
              0.10005207430354168,
              0.008195339173981742,
              -0.9949484503447312,
              -0.8933245897813351,
              0.4410677788080066,
              -0.08619972035558313,
              -3528143.7563495287,
              -67695.74929427145,
              -1324592.9020044366
          ],
          "shotIndex": 24,
          "utcTime": "not-a-date-time"
      },
      "001349": {
          "connectedShotIds": [
              "001348",
              "001350"
          ],
          "elevation": -7.293768475445244,
          "enabled": true,
          "heading": 160.97356630272014,
          "latitude": 33.89193708252194,
          "longitude": -118.4136839419983,
          "rigIndex": 0,
          "rigPose": [
              0.43668362980432635,
              0.8980814601171383,
              0.05250807990001888,
              0.10008721312001512,
              0.009504247315844816,
              -0.994933273668555,
              -0.8940301769128303,
              0.4397264607421619,
              -0.08573612128143732,
              -3530027.5125051043,
              -72618.51587626834,
              -1319300.208873808
          ],
          "shotIndex": 25,
          "utcTime": "not-a-date-time"
      },
      "001350": {
          "connectedShotIds": [
              "001349",
              "001351"
          ],
          "elevation": -7.2468852344728365,
          "enabled": true,
          "heading": 160.9009018072658,
          "latitude": 33.89192870217382,
          "longitude": -118.41367983381717,
          "rigIndex": 0,
          "rigPose": [
              0.43542896947297793,
              0.8984400526663776,
              0.056631124909688524,
              0.10348076295714742,
              0.012537398738556749,
              -0.9945524346813882,
              -0.8942557487886265,
              0.43891717373293415,
              -0.08751211550857496,
              -3530908.5924201403,
              -85249.2345617122,
              -1316180.4850656379
          ],
          "shotIndex": 26,
          "utcTime": "not-a-date-time"
      },
      "001351": {
          "connectedShotIds": [
              "001350",
              "001352"
          ],
          "elevation": -7.197193836170337,
          "enabled": true,
          "heading": 160.8762930514088,
          "latitude": 33.89192011901094,
          "longitude": -118.41367553087059,
          "rigIndex": 0,
          "rigPose": [
              0.43499879742305814,
              0.8986190993428614,
              0.05709431264774373,
              0.10474090182531104,
              0.012478737082354086,
              -0.9944212510830862,
              -0.8943183939321131,
              0.43855215814889614,
              -0.08869393923843744,
              -3531420.662440264,
              -85494.51197165708,
              -1314787.3916933083
          ],
          "shotIndex": 27,
          "utcTime": "not-a-date-time"
      },
      "001352": {
          "connectedShotIds": [
              "001351",
              "001353"
          ],
          "elevation": -7.147187276358395,
          "enabled": true,
          "heading": 160.89664433913836,
          "latitude": 33.891911079762856,
          "longitude": -118.41367110591786,
          "rigIndex": 0,
          "rigPose": [
              0.4351665721481488,
              0.8983177117679154,
              0.06045943440759871,
              0.1085928939042079,
              0.014293034101614088,
              -0.993983547434101,
              -0.8937771746237089,
              0.43911387805468727,
              -0.0913310693106879,
              -3530351.3372432087,
              -93722.50947286024,
              -1317093.5232089118
          ],
          "shotIndex": 28,
          "utcTime": "not-a-date-time"
      },
      "001353": {
          "connectedShotIds": [
              "001352",
              "001354"
          ],
          "elevation": -7.102639598668663,
          "enabled": true,
          "heading": 160.90951111035034,
          "latitude": 33.89190261943243,
          "longitude": -118.41366700267966,
          "rigIndex": 0,
          "rigPose": [
              0.43515618365572006,
              0.8980526360356628,
              0.06434717348560243,
              0.11376554354315316,
              0.01605171310694853,
              -0.9933779460047736,
              -0.8931385653573134,
              0.43959504707825053,
              -0.09518244405220253,
              -3529352.4705266296,
              -102229.57476302831,
              -1319133.5293356678
          ],
          "shotIndex": 29,
          "utcTime": "not-a-date-time"
      },
      "001354": {
          "connectedShotIds": [
              "001353",
              "001355"
          ],
          "elevation": -7.0542945875311815,
          "enabled": true,
          "heading": 160.9361278991675,
          "latitude": 33.8918935318909,
          "longitude": -118.4136625537341,
          "rigIndex": 0,
          "rigPose": [
              0.4354482869473756,
              0.8975149490192116,
              0.06965418638989485,
              0.11661913156720655,
              0.020481667523491176,
              -0.9929654976120609,
              -0.892628011854382,
              0.44050813565983005,
              -0.09574870688627615,
              -3527442.6663772087,
              -119900.39279091483,
              -1322746.324052284
          ],
          "shotIndex": 30,
          "utcTime": "not-a-date-time"
      },
      "001355": {
          "connectedShotIds": [
              "001354",
              "001356"
          ],
          "elevation": -7.007137643762917,
          "enabled": true,
          "heading": 160.9644000795452,
          "latitude": 33.89188501928773,
          "longitude": -118.41365838765687,
          "rigIndex": 0,
          "rigPose": [
              0.4357235125852725,
              0.897277905104664,
              0.07097451367453722,
              0.12033342126601759,
              0.02007435136111152,
              -0.9925305477131903,
              -0.8920004979296631,
              0.4410095026509246,
              -0.09922565325971497,
              -3526654.438471719,
              -119744.11478668138,
              -1324857.9843317382
          ],
          "shotIndex": 31,
          "utcTime": "not-a-date-time"
      },
      "001356": {
          "connectedShotIds": [
              "001355",
              "001357"
          ],
          "elevation": -6.956223188930872,
          "enabled": true,
          "heading": 160.99354502288205,
          "latitude": 33.89187641811704,
          "longitude": -118.4136540399274,
          "rigIndex": 0,
          "rigPose": [
              0.4361508457175274,
              0.8976708250281834,
              0.06292479378675814,
              0.12088248170688509,
              0.01084654801717716,
              -0.992607564958325,
              -0.891717368562635,
              0.4405331341560263,
              -0.10378194599446636,
              -3528285.4820847544,
              -85332.74278469718,
              -1323174.9054384972
          ],
          "shotIndex": 32,
          "utcTime": "not-a-date-time"
      },
      "001357": {
          "connectedShotIds": [
              "001356",
              "001358"
          ],
          "elevation": -6.907703009852406,
          "enabled": true,
          "heading": 161.0353278297279,
          "latitude": 33.89186767726478,
          "longitude": -118.41364967890317,
          "rigIndex": 0,
          "rigPose": [
              0.4366269309812787,
              0.8978345017524274,
              0.057009916723670895,
              0.12460489252886303,
              0.002405330294538599,
              -0.9922035250612872,
              -0.8909716852401877,
              0.44032649460274864,
              -0.11082433961506588,
              -3529074.5930428947,
              -55043.78462539009,
              -1322674.4209360867
          ],
          "shotIndex": 33,
          "utcTime": "not-a-date-time"
      },
      "001358": {
          "connectedShotIds": [
              "001357",
              "001359"
          ],
          "elevation": -6.845619458153874,
          "enabled": true,
          "heading": 160.98811741627506,
          "latitude": 33.89185858692822,
          "longitude": -118.41364508613239,
          "rigIndex": 0,
          "rigPose": [
              0.4359141678649561,
              0.898233981335069,
              0.05616540776628931,
              0.12420164501254116,
              0.001769220102367075,
              -0.992255421369119,
              -0.8913769066061682,
              0.43951403235298425,
              -0.11079090997928648,
              -3530309.13423389,
              -52508.76919237241,
              -1319476.3614771282
          ],
          "shotIndex": 34,
          "utcTime": "not-a-date-time"
      },
      "001359": {
          "connectedShotIds": [
              "001358",
              "001360"
          ],
          "elevation": -6.782115952789892,
          "enabled": true,
          "heading": 160.86041516626793,
          "latitude": 33.8918506025,
          "longitude": -118.41364092980675,
          "rigIndex": 0,
          "rigPose": [
              0.4342753786470135,
              0.8990896558294373,
              0.05516055004708542,
              0.11654923944777107,
              0.004637539579966543,
              -0.9931740874644235,
              -0.8932083577112001,
              0.4377399730515232,
              -0.10277424632519869,
              -3532913.0195266027,
              -60442.103299223854,
              -1312144.642989693
          ],
          "shotIndex": 35,
          "utcTime": "not-a-date-time"
      },
      "001360": {
          "connectedShotIds": [
              "001359",
              "001361"
          ],
          "elevation": -6.7185533132324515,
          "enabled": true,
          "heading": 160.71928302818287,
          "latitude": 33.89184248333466,
          "longitude": -118.41363672497967,
          "rigIndex": 0,
          "rigPose": [
              0.4322121802552714,
              0.9001727591179252,
              0.05368086233479474,
              0.11343099385604027,
              0.00478521888283473,
              -0.9935343533633221,
              -0.8946094348215964,
              0.4355067225913574,
              -0.10003926082253137,
              -3536213.265972797,
              -59844.520206989495,
              -1303249.4273980153
          ],
          "shotIndex": 36,
          "utcTime": "not-a-date-time"
      },
      "001361": {
          "connectedShotIds": [
              "001360",
              "001362"
          ],
          "elevation": -6.658700552823255,
          "enabled": true,
          "heading": 160.61294759724558,
          "latitude": 33.89183414875287,
          "longitude": -118.41363236396619,
          "rigIndex": 0,
          "rigPose": [
              0.4306382664211237,
              0.9010528025429776,
              0.05152213624506513,
              0.1114188055452428,
              0.003573379348812744,
              -0.9937671159436203,
              -0.8956207530337161,
              0.433694682915845,
              -0.0988553931044944,
              -3538932.492106844,
              -54555.74810419426,
              -1296078.122251608
          ],
          "shotIndex": 37,
          "utcTime": "not-a-date-time"
      },
      "001362": {
          "connectedShotIds": [
              "001361",
              "001363"
          ],
          "elevation": -6.60254752039674,
          "enabled": true,
          "heading": 160.4596311100936,
          "latitude": 33.89182550571743,
          "longitude": -118.41362789301137,
          "rigIndex": 0,
          "rigPose": [
              0.42832637077538804,
              0.9022441643425239,
              0.04991981578738108,
              0.1094260749022069,
              0.003047664340450895,
              -0.9939902644762496,
              -0.8969740543794351,
              0.4312147720706342,
              -0.09742364250113705,
              -3542546.93368239,
              -51847.861755317135,
              -1286275.280406795
          ],
          "shotIndex": 38,
          "utcTime": "not-a-date-time"
      },
      "001363": {
          "connectedShotIds": [
              "001362",
              "001364"
          ],
          "elevation": -6.539335043988954,
          "enabled": true,
          "heading": 160.37206938899325,
          "latitude": 33.8918166653744,
          "longitude": -118.41362330336231,
          "rigIndex": 0,
          "rigPose": [
              0.42699762334620595,
              0.9028415281294695,
              0.050499551894408135,
              0.10843494166888634,
              0.004319525936593349,
              -0.9940941631057636,
              -0.8977276274471878,
              0.42995176099247173,
              -0.09605514113005953,
              -3544296.280858343,
              -56252.66073735669,
              -1281258.5578797162
          ],
          "shotIndex": 39,
          "utcTime": "not-a-date-time"
      },
      "001364": {
          "connectedShotIds": [
              "001363",
              "001365"
          ],
          "elevation": -6.481004871285229,
          "enabled": true,
          "heading": 160.36975533126008,
          "latitude": 33.891808423802324,
          "longitude": -118.41361897034469,
          "rigIndex": 0,
          "rigPose": [
              0.4270032443688531,
              0.9029424803458821,
              0.04861179368527546,
              0.10733695662903758,
              0.0027659934907377504,
              -0.9942188526786371,
              -0.8978568967491923,
              0.42975251769691286,
              -0.09573800965695345,
              -3544676.385192053,
              -50019.77989838589,
              -1280462.6958544753
          ],
          "shotIndex": 40,
          "utcTime": "not-a-date-time"
      },
      "001365": {
          "connectedShotIds": [
              "001364",
              "001366"
          ],
          "elevation": -6.4250120085358535,
          "enabled": true,
          "heading": 160.31822974661804,
          "latitude": 33.89179995932893,
          "longitude": -118.41361454331604,
          "rigIndex": 0,
          "rigPose": [
              0.42624346938978197,
              0.9034853124770776,
              0.045064342231520504,
              0.10612654100759428,
              -0.0004713997491512245,
              -0.9943525205258144,
              -0.8983616544000115,
              0.4286187909092112,
              -0.0960847021289053,
              -3546431.3485822547,
              -37429.12519709937,
              -1276022.8559569684
          ],
          "shotIndex": 41,
          "utcTime": "not-a-date-time"
      },
      "001366": {
          "connectedShotIds": [
              "001365",
              "001367"
          ],
          "elevation": -6.368022593408837,
          "enabled": true,
          "heading": 160.25643244758632,
          "latitude": 33.891791556683955,
          "longitude": -118.41361023760908,
          "rigIndex": 0,
          "rigPose": [
              0.4252166905726749,
              0.9038120941296628,
              0.048108882375041184,
              0.10774792387946924,
              0.0022266450563626083,
              -0.9941757525465289,
              -0.8986551902471193,
              0.4279237555415059,
              -0.09643707007768015,
              -3547277.2511349404,
              -48148.38343140816,
              -1273306.588621719
          ],
          "shotIndex": 42,
          "utcTime": "not-a-date-time"
      },
      "001367": {
          "connectedShotIds": [
              "001366",
              "001368"
          ],
          "elevation": -6.308404622071096,
          "enabled": true,
          "heading": 160.212777816885,
          "latitude": 33.891783164452846,
          "longitude": -118.41360585452928,
          "rigIndex": 0,
          "rigPose": [
              0.4245829053092766,
              0.9039973413673115,
              0.05018130448649588,
              0.10643911097093645,
              0.0052028091092880535,
              -0.9943056101788267,
              -0.8991107118563599,
              0.4275064181719438,
              -0.09401164952783564,
              -3547737.386404685,
              -58828.79813388903,
              -1271572.1403220547
          ],
          "shotIndex": 43,
          "utcTime": "not-a-date-time"
      },
      "001368": {
          "connectedShotIds": [
              "001367",
              "001369"
          ],
          "elevation": -6.2469901386303075,
          "enabled": true,
          "heading": 160.15899956469508,
          "latitude": 33.89177469439865,
          "longitude": -118.41360132194318,
          "rigIndex": 0,
          "rigPose": [
              0.42389018902899,
              0.9044461470034519,
              0.04789858886832804,
              0.10231340401541539,
              0.004728905946263073,
              -0.9947409737249842,
              -0.899916148873741,
              0.4265616070618187,
              -0.09053242721308821,
              -3549164.40597099,
              -55527.572704843464,
              -1267729.8675170531
          ],
          "shotIndex": 44,
          "utcTime": "not-a-date-time"
      },
      "001369": {
          "connectedShotIds": [
              "001368",
              "001370"
          ],
          "elevation": -6.192518242836644,
          "enabled": true,
          "heading": 160.0692857925341,
          "latitude": 33.89176628447589,
          "longitude": -118.41359691948168,
          "rigIndex": 0,
          "rigPose": [
              0.4225203775121051,
              0.9050275473683596,
              0.04900682698808351,
              0.10129006211188041,
              0.006581677576091516,
              -0.9948351646567666,
              -0.9006757762393744,
              0.42530203388262344,
              -0.08888940359179079,
              -3550838.731260341,
              -62099.495705454625,
              -1262723.8491094136
          ],
          "shotIndex": 45,
          "utcTime": "not-a-date-time"
      },
      "001370": {
          "connectedShotIds": [
              "001369",
              "001371"
          ],
          "elevation": -6.13994698089406,
          "enabled": true,
          "heading": 160.02008558342115,
          "latitude": 33.891757751944574,
          "longitude": -118.41359242237554,
          "rigIndex": 0,
          "rigPose": [
              0.42179400694204655,
              0.9052264485183708,
              0.0515256500258911,
              0.09997518088528384,
